-0.9706084375843465
0.1553479900617909
0.2553766814094536
-0.40296240647310677
-0.9877948286939549
-0.46696560236110995
0.19902912673848383
0.9661716741069288
-0.620984637962861
-0.5204332781672671
0.36196368319152006
0.8632928691606012
0.2879377383498505
-0.6809076487683996
0.24725897933721397
0.629618029343227
-0.9928068164939559
0.548313797573996
0.42425943039800607
0.2441267549237922
-0.9539589289323172
-0.657795277672268
0.4075090933030552
-0.17304329858256207
0.5209154580886517
0.4108834703909925
0.6687202619611063
-0.18281901096856723
0.33809914603484326
0.3912768833119602
-0.3279474582198414
0.030483400089730273
-0.40609238501372547
0.9896612861362135
0.6148904030367932
-0.24615873451165537
0.0649221114744225
-0.5988238387943388
-0.9257827274259687
0.008920948009880636
-0.970608920051532
-0.6808490191243202
0.17420669125360488
-0.022416035873655593
0.4061734629632745
0.19558406048064358
-0.8521548372581447
-0.9940342794203607
-0.8024527042235499
-0.4847463207573881
-0.6619232908174415
-0.6024313957684428
-0.3130232472283063
0.3531448899020264
-0.10171947840152895
0.5833624341846884
0.04696600188798561
0.24272050289223435
-0.03656215240013849
0.8767683843791889
-0.761793000331175
0.07598298163855799
-0.2501324945190959
0.9532259056443511
0.1735805312204879
-0.02651647675883151
-0.774665892462103
0.3036760510500329
-0.44477265975726654
-0.6412486868247371
-0.8028315122501701
-0.270279810261967
-0.5858901316682019
-0.5308389658803285
0.6677525435769927
0.22471917746571402
0.3619988194040611
0.7429563498085967
0.8797818186568784
-0.5369746223306058
-0.4449604474286186
-0.6008443700935051
0.044845457883584405
-0.23283385475904117
-0.49160906380305236
-0.8322784531909051
-0.48877343464506784
-0.4126036158243267
-0.7869656589118803
0.9844444056137298
0.9229921435876967
-0.9385181608696467
-0.6050782558808243
-0.006234358531166606
-0.16386106743828766
-0.20614081647855786
0.3228818391673558
-0.8699857111321152
0.7667449518293554
-0.9242042044614167
-0.2541019373982809
-0.9968799067339724
-0.25830878431697357
0.3790078635725187
0.4554747975709543
0.0648416756904171
-0.6974345436861669
-0.5055801606782513
0.4424485273684373
0.14509697305733993
-0.49239152772794226
0.2022101733064685
-0.4641520506901966
0.01812955856886589
0.42323922768792044
0.5819165419318366
0.3271458213834333
-0.822720100570083
-0.826620995539884
0.5665574970568634
0.6765396761435545
0.8875862441598406
-0.03507186859842082
0.1684022074561411
0.6688474920483471
0.5698018580926081
0.9444471326101023
0.949485131558317
0.8155391552365856
0.4916872218556507
0.6923385719575728
0.9973158622829419
0.3855847169643236
0.7013031556466363
-0.030810970116287972
-0.18242467363545378
-0.4112974445803612
-0.9270380424712297
0.9229406274598202
0.06380032697130056
0.4053919274069764
-0.7115242664693038
0.9422291866871071
0.45355894692481735
0.527254909181933
0.8733478628459799
0.2625588750068384
0.7994519194588405
-0.02382785714410729
-0.40471689646563513
-0.7667644131302322
0.5451955470565424
-0.3501947887783903
-0.9808524508760321
-0.859062098809475
-0.8142890740321118
0.051396346710001595
0.025456476833128683
-0.22959665266918483
-0.5905637038671423
0.39340125628845146
0.9303209416208147
-0.06113571308105992
0.8618641559377074
-0.4225527991286593
0.20432689273005344
-0.5898247376079011
0.25904941439435913
-0.5380115360284021
0.4431744009684502
0.5506568426520737
-0.6402510757523285
-0.5022160909209854
0.239168512278767
0.06519398697958789
-0.6169713406595663
0.07768472315604824
0.7192233076661045
0.9744167400493582
-0.9597124941213444
0.603244807553674
0.0723563394146729
0.5333813227877948
-0.25313439949285677
-0.1426685832785719
-0.1646309543154585
0.27945824120141993
0.014282162522997188
-0.3161686650931117
0.916141014249626
0.2280080733122889
0.9648532655404041
0.08879174919000898
0.8529185438008762
-0.151908003205123
-0.8657520371613836
-0.6430462772999426
-0.12987239642335413
-0.14104702306975025
-0.3582616496762545
-0.817340693513537
-0.9945646269087145
-0.21673251799509652
0.2103695598350792
-0.08225842104038161
-0.5724699422170278
-0.4053222550583824
-0.9945796576694856
0.786923576823408
0.09617704286136664
-0.7164658662604513
-0.2530955901547829
0.6448123335963538
0.5707456040092065
0.1575300027844957
-0.7475641356627625
0.7171937532291266
